###SENSORS###
>INITIALIZATION
N_PT_01,1000,10,10,-1
R_PT_01,1000,10,10,-1
R_PT_02,1000,10,10,-1
R_PT_03,1000,10,10,-1
R_PT_04,1000,10,10,-1
L_PT_01,1000,10,10,-1
L_PT_02,1000,10,10,-1
L_PT_03,1000,10,10,-1
L_PT_04,1000,10,10,-1
R_TT_01,1000,10,10,-1
L_TT_01,1000,10,10,-1
>MAIN
N_PT_01,1000,10,10,-1
R_PT_01,1000,10,10,-1
R_PT_02,1000,10,10,-1
R_PT_03,1000,10,10,-1
R_PT_04,1000,10,10,-1
L_PT_01,1000,10,10,-1
L_PT_02,1000,10,10,-1
L_PT_03,1000,10,10,-1
L_PT_03,1000,10,10,-1
R_TT_01,1000,10,10,-1
L_TT_01,1000,10,10,-1
###VALVES###
N_PV_01,0
N_PV_02,1
R_PV_01,2
R_PV_02,3
R_PV_03,4
R_PV_04,5
R_PV_05,6
L_PV_01,7
L_SV_01,8
L_SV_02,9
L_SV_03,10
C_PV_01,11
C_PV_02,12
###DEBUG###
1
###VERBOSE###
1
